wHO = [-1.37734297153778,-1.79811985979404,-1.70956974769973,-6.32388816030447,-2.46157974584932,-1.05972604735233,-1.74781458289328,-3.75890654771746,-4.17703663223084;1,-1.73970383847213,-2.27818599078255,0.518767260219600,-1.20514363009744,-2.71530428519286,-3.06441920311197,-0.0483938007873177,0.353942388545369]
wIH = [0.675704241784993,-0.477040606149628,-1.73575546944867,-0.927812208294298;-3.10460578116540,-5.40759726295555,-1.95427470440930,-2.40547918112225;-1.99875397667853,-1.24407074092772,-4.14161381712811,-1.96586552266714;0.460134877092781,-1.36167303994315,-1.08041563220226,-1.71010412475314;-1.77688754998053,-1.96677696368975,0.144413682714263,-1.90501043682313;-0.272765408661347,-2.63656102506922,0.443482134769832,-1.16938010663844;-4.35458180121743,-3.14317813954147,-3.28620767358971,-2.63048097823704;0.118957877253033,0.0373520823974562,-1.96956010035769,-1.19879708125377]

maxfitArr = [10928.9295351438,12125.1189944199,12618.5543362576,12748.1838237861,12748.1838237861,12776.5220150607,12776.5220150607,12776.5220150607,13311.5911638745,13311.5911638745,13311.5911638745,13311.5911638745,14006.4059262262,14006.4059262262,14006.4059262262,14006.4059262262,14006.4059262262,14006.4059262262,14006.4059262262,14006.4059262262,14063.8449889525,14063.8449889525,14180.8497852712,14180.8497852712,14180.8497852712,14180.9900971187,14180.9900971187,14180.9900971187,14180.9900971187,14273.9299056434,14273.9299056434,14273.9299056434,14273.9299056434,14273.9299056434,14294.0806068001,14327.3777334086,14327.3777334086,14327.3777334086,14327.3777334086,14327.3777334086,14327.3777334086,14327.3777334086,14360.6191371374,14360.6191371374,14360.6191371374,14360.6191371374,14360.6191371374,14360.6191371374,14360.6191371374,14360.6191371374,14562.7626514152,14562.7626514152,14562.7626514152,14562.7626514152,14562.7626514152,14562.7626514152,14562.7626514152,14562.7626514152,14562.7626514152,14562.7626514152,14562.7626514152,14562.7626514152,14562.7626514152,14562.7626514152,14562.7626514152,14667.2209462332,14667.2209462332,14667.2209462332,14667.2209462332,14667.2209462332,14667.2209462332,14667.2209462332,14667.2209462332,14667.2209462332,14667.2209462332,14667.2209462332,14667.2209462332,14667.2209462332,14667.2209462332,14744.3938121377,14744.3938121377,14744.3938121377,14744.3938121377,14744.3938121377,14950.8609779230,14950.8609779230,14950.8609779230,14950.8609779230,14950.8609779230,14950.8609779230,14959.0493967366,14959.0493967366,15041.2647554124,15160.0647261389,15160.0647261389,15174.3163687122,15174.3163687122,16007.7736125523,16056.2885961654,16056.2885961654,16056.2885961654,16056.2885961654,16056.2885961654,16056.2885961654,16112.5182193182,16112.6594678247,16525.2233466037,16525.2233466037,16525.2233466037,16668.6642733960,16668.6642733960,16668.6642733960,16668.6642733960,16668.6642733960,16668.6642733960,16668.6642733960,16668.6642733960,16668.8006324576,16668.8006324576,16669.0829803627,16669.0829803627,16669.0829803627,16669.0829803627,16669.0829803627,16669.5422489343,16669.5422489343,16669.5422489343,16669.5422489343,16669.5422489343,16787.6186471661,16787.6186471661,16787.6186471661,16787.6186471661,16787.6186471661,16833.7189415235,16848.7093579050,16848.7093579050,16848.7093579050,16848.7093579050,16848.7093579050,16848.7093579050,16848.7093579050,16849.5394587358,16849.5394587358,16849.5394587358,16849.5394587358,16849.6990522904,16849.6990522904,16850.1229129629,16855.2959455943,16855.2959455943,16855.2959455943,16855.2959455943,16861.0506901117,16861.3697485349,16861.3697485349,16861.3697485349,16861.3697485349,16863.4252247977,16863.4830846397,16863.4830846397,16863.4830846397,16863.4830846397,16863.4830846397,16863.4830846397,16866.3746082045,16866.3746082045,16866.3746082045,16866.4112316258,16866.4112316258,16866.4112316258,16866.7407498485,16866.7407498485,16866.7407498485,16866.7407498485,16866.7407498485,16866.7407498485,16866.7407498485,16866.7407498485,16866.7407498485,16866.7407498485,16866.7407498485,16866.7407498485,16866.7407498485,16866.7407498485,16866.7407498485,16866.7407498485,16866.7407498485,16866.7407498485,16866.7407498485,16866.7407498485,16866.7407498485,16866.7407498485,16866.7407498485,16866.7407498485,16866.7407498485,16866.7407498485,16866.7407498485,16866.7407498485,16866.7407498485,16866.7407498485,16866.7407498485,16866.7407498485,16866.7407498485,16866.7407498485,16866.7407498485,16866.7407498485,16866.7407498485,16866.7407498485,16866.7407498485,16866.7407498485,16866.7407498485,16866.7407498485,16866.7407498485,16866.7407498485,16866.7407498485,16866.7407498485,16866.7407498485,16866.7407498485,16867.1764105125,16867.1764105125,16867.1764105125,16867.1764105125,16867.1764105125,16867.1764105125,16867.1764105125,16867.1764105125,16867.1764105125,16867.1764105125,16867.1764105125,16867.1764105125,16867.1764105125,16867.1764105125,16867.1764105125,16867.1764105125,16867.3146055642,16867.3146055642,16867.3146055642,16867.3146055642,16867.3146055642,16867.3146055642,16869.1883081579,16869.1883081579,16869.1883081579,16869.1883081579,16869.1883081579,16869.1883081579,16869.3115307459,16869.3448952441,16869.3448952441,16869.3448952441,16871.3889902789,16871.3889902789,16871.3889902789,16871.3889902789,16871.3889902789,16871.3889902789,16871.3889902789,16871.3889902789,16871.3889902789,16871.3889902789,16871.3889902789,16871.3889902789,16871.3889902789,16871.3889902789,16871.3889902789,16871.3889902789,16871.3889902789,16871.3889902789,16871.3889902789,16871.3889902789,16871.3889902789,16871.3889902789,16871.3889902789,16871.3889902789,16871.3889902789,16871.3889902789,16871.3889902789,16872.0363558116,16872.0363558116,16872.0363558116,16872.1683384184,16872.1683384184,16872.6831300081,16872.6831300081,16872.6831300081,16872.6831300081,16872.6831300081,16872.6831300081,16872.6831300081,16872.6831300081,16873.4273690375,16873.8044776162,16873.8044776162,16873.8044776162,16873.8044776162,16873.8044776162]
