chromosome = [0.128831808827324,-0.161224926695019,0.301551826630040,-1.03084934527403,-0.284944189696640,0.418102145359627,0.322587883940623,0.166104656707846,0.394011038029919,-0.118524687725859,-0.138847097214181,-0.0703672076761083,-0.224121713460820,-0.665102649821855,0.236708776734956,0.449922786065143,-0.425896572327733,0.296404293027523,0.642241849325696,0.252427785570164,-0.0993693544230351,-1.13123276330295,-0.297717351905870,-0.0851112201545288,-0.0691442667617130,-0.422709018256185,0.252427785570164,-0.0351709341510119,0.456380272419550,0.353665243103981,-0.161224926695019,-0.608333946946469,-0.267598312315761,0.130629334052399,0.0515359072987008,0.129597725988333,-0.863667471147892,-0.438972683434176,-0.297717351905870,-0.115832756712787,0.369855920326082,-0.138847097214181,-0.704917213058940,0.229120326940746,-0.224121713460820,0.0395255780647115,-0.0993693544230351,-0.437762167237695,0.130629334052399,-0.0316408847822768];