chromosome = [0.756837927585845	1	-0.653282690180622	0.265279234703869	-1.30497775399727	0.786020129524221	-1.38897235971685	-2.11320310663123	0.786020129524221	0.0220762765368966	1	-1.72530985498717	0.786020129524221	-0.881429827656109	-0.146364921847306	0.756837927585845	0.756837927585845	0.0357234570280737	-1.61289027482509	-0.571927146840621	-1.29359663958338	-0.665829271169600	-1.29702491173559	-0.467662713766779	0.251967440347731	1	1	-0.896015733987092	0.786020129524221	0.756837927585845	0.756837927585845	-0.889576535583962	-1.72994711518435	-2.03811691325086	-2.20704541233841	-1.31304538073906	-0.571927146840621	-0.571927146840621	1	-0.571927146840621	0.0374681720226946	-3.19207119273517	-1.48078978482378	-2.96510532736128	-2.33178455543680	-2.45567748526419	-0.753006110099529	-1.39270315372241	-2.23230149120772	1];